0
0
740
727
854
1264
1615
1571
1609
1697
1659
1654
1764
1734
1686
1746
1773
1746
1722
1709
1649
1641
1649
1628
1592
1566
1533
1512
1541
1547
1469
1508
1540
1498
1536
1548
1510
1552
1550
1487
1506
1558
1507
1522
1522
1511
1534
1663
1857
2152
2428
2591
2870
3090
3353
3327
3338
3288
3325
3432
3775
4166
4422
4607
4917
5173
5412
5307
5145
5021
4815
4537
4300
4099
3864
3628
3517
3267
3067
2985
2889
2822
2808
2727
2738
2704
2670
2636
2771
2916
3299
3509
3613
3459
3357
3109
2898
2726
2568
2382
2366
2278
2238
2191
2152
2132
2173
2089
2062
2067
2020
2001
1995
2025
2020
1995
1963
1949
1963
1913
1865
1850
1795
1750
1633
1575
1515
1448
1394
1297
1157
1035
1024
999
976
973
960
980
986
980
995
986
1052
1029
1065
1099
1517
1866
2070
2305
2769
2934
3091
3206
3071
2981
2912
2875
2770
2673
2604
2521
2500
2466
2427
2320
2331
2274
2517
2702
2673
2907
3069
3151
3378
3398
3365
3228
3095
3029
3000
2964
2927
2927
2902
2892
2983
2924
2900
2935
2962
2942
2951
3029
3019
3043
3002
2976
2998
3040
3011
2996
2924
2773
2635
2477
2275
2150
2093
2011
1903
1928
1926
1932
1991
1968
1952
1988
1921
1935
1973
1968
2022
2002
1986
2021
2047
2105
2098
2098
2168
2214
2206
2309
2322
2356
2366
2411
2433
2487
2548
2664
2670
2746
2829
3071
3274
3573
3889
4292
4544
4788
4673
4654
4560
4486
4449
4449
4293
4224
4285
4230
4301
4341
4336
4405
4359
4273
4107
3936
3760
3488
3324
3206
3020
2829
2692
2677
2864
3139
3378
3529
3630
3845
3887
3960
3967
3802
3593
3324
3104
3036
2977
2958
2997
2953
2913
2881
2919
2910
2877
2895
2897
2939
2933
2951
2925
2788
2762
2654
2516
2349
2223
2146
2092
2087
2106
2125
2060
1963
1867
1717
1602
1589
1588
1554
1593
1595
1571
1576
1669
1665
1736
1729
1835
2104
2219
2483
2720
2741
2857
2937
2769
2507
2350
2199
2010
1966
1925
1876
1818
1761
1736
1694
1637
1633
1635
1665
1603
1579
1596
1661
1639
1654
1652
1673
1706
1785
1934
1989
2142
2448
2680
2922
2856
2851
2657
2575
2444
2281
2193
2099
2019
1892
1789
1735
1710
1620
1563
1559
1517
1543
1517
1539
1541
1506
1542
1573
1563
1560
1531
1800
2160
2437
2567
2817
2904
2896
2845
2707
2524
2432
2328
2761
3609
4509
5381
6086
6742
7392
7918
8477
8982
9378
9706
10055
10390
10641
10915
11169
11279
11286
11450
11561
11736
11855
11971
12138
12327
12725
13075
13318
13733
14016
14289
14199
14104
13682
13311
12784
12462
11917
11328
11074
10994
10768
10610
10257
10086
9972
9669
9225
8855
8560
8216
7922
7639
7373
7217
6976
6746
6538
6363
6197
6034
5900
5743
5850
5927
5906
5969
5837
5813
5478
5120
4662
4397
4095
4013
3849
3725
3588
3511
3505
3387
3512
3738
3723
3730
3918
4226
4548
4689
5367
5523
5567
5606
5428
5269
5082
4918
4722
4549
4403
4261
4163
3911
3879
3821
3843
3858
3791
3637
3566
3472
3370
3294
3154
3038
2921
2821
2710
2622
2553
2596
2718
2787
2640
2723
2817
3012
2990
3064
3061
2991
2898
2809
2674
2608
2529
2523
2394
2372
2283
2220
2144
2139
2029
1977
1953
1899
1842
1802
1814
1774
1737
1705
1714
1641
1664
1682
1628
1616
1582
1524
1466
1431
1395
1332
1328
1246
1246
1205
1180
1198
1233
1223
1178
1236
1251
1228
1217
1191
1181
1192
1189
1164
1209
1181
1190
1191
1218
1182
1181
1151
1103
1115
1102
1102
1082
1098
1136
1120
1147
1103
1124
1122
1175
1180
1273
1284
1280
1302
1305
1311
1256
1182
1089
990
975
922
892
901
885
911
883
1243
1682
1983
2263
2554
2721
2825
2709
2642
2556
2497
2378
2302
2254
2228
2114
2109
1997
1971
1902
1806
1851
1803
1842
1793
1850
1988
2105
2185
2419
2648
2887
3023
2903
2837
2823
2827
2796
2812
2767
2709
2670
2573
2458
2398
2323
2189
2206
2128
2086
2179
2475
2900
3307
3708
3959
4297
4482
4643
4762
4938
4763
4603
4513
4381
4204
4133
4014
3931
3827
3704
3589
3491
3483
3415
3360
3266
3247
3194
3196
3167
3119
3107
3172
3140
3162
3109
3098
3136
3169
3125
3130
3142
3083
3072
2990
2884
2768
2626
2350
2137
1912
1841
1863
1838
1845
1855
1863
1847
1828
1786
1683
1621
1527
