0
3174
5238
4271
5674
6813
5990
6138
6575
7167
8428
8285
8629
8558
8503
7956
7400
6792
6244
6015
5713
5401
5173
4928
4851
5128
5249
5386
5414
5251
4865
4410
4101
3901
3599
3356
3068
2520
2296
2243
2337
2340
2380
2291
2275
2221
2580
3146
3460
4443
4522
4288
4003
3737
3496
2967
2620
2429
1815
1684
1813
1673
1575
1495
1398
1380
1316
1195
1130
1020
890
824
753
1170
1372
1647
1957
1909
1807
1531
1453
1320
936
762
592
377
363
357
357
362
322
282
255
240
229
242
238
253
255
243
250
241
277
629
1270
2081
3740
4238
4234
4388
4621
4739
4541
4218
3925
3338
3153
2915
2647
2435
2149
1958
1846
1721
1558
1468
1387
1252
1154
1152
1045
1017
919
924
1097
1447
1950
1824
1714
1602
1573
1485
1306
1174
1107
936
917
924
905
864
816
754
752
799
1611
2071
2312
2188
2060
1884
1703
1640
1621
1673
2101
2509
3624
4221
4708
4511
4195
3958
3373
3140
2899
2456
2262
2037
1863
1813
1826
1838
1791
1661
1666
2130
2521
3131
2942
2789
2544
2351
2268
1977
1830
1712
1343
1178
1033
924
860
801
756
1073
1444
2171
2226
2035
1934
1771
1645
1454
1661
2005
2680
2703
2626
2214
2097
2223
2778
2989
3136
3035
2950
2796
2608
2454
2324
2033
1846
1633
1363
1190
1087
991
1099
1353
3354
4106
4506
4202
3903
3571
3148
2934
2777
2542
2352
2251
2023
1920
1776
1607
1531
1410
1312
1269
1253
2579
3320
3800
4618
4391
4312
3855
3531
3299
2943
2756
2666
2408
2247
2228
2031
1898
1848
1715
1710
1995
2823
3098
3070
2593
2477
2163
1876
1821
1587
1378
1364
1161
1041
1034
999
870
928
830
740
691
670
627
561
552
470
480
445
327
427
279
314
405
262
227
245
238
212
254
227
999
1633
2125
2279
2248
2178
2546
3236
3675
3960
3799
3457
3030
2857
2675
2827
3154
3549
3587
3387
3167
2734
2454
2265
2016
1892
1796
1597
1534
1418
1293
1278
1188
1181
1108
1113
1009
1005
978
956
944
929
935
929
1020
2539
3722
4785
5418
5376
5140
4382
3992
3727
3274
3079
2912
2600
2468
2364
2194
2085
2058
2006
2375
2876
3726
3720
3408
2896
2596
2372
2153
1996
1918
1784
1902
2058
2286
2270
2111
1960
1788
1698
1534
1423
1314
1194
1138
1091
1023
986
958
839
791
676
469
385
361
303
267
264
242
221
215
200
204
200
191
226
197
182
171
165
156
163
175
197
184
181
156
165
166
164
190
186
173
618
1189
2380
2728
2521
2178
2087
1888
1670
1639
1472
1355
1377
1269
2747
3819
4649
5079
5011
4466
3638
3421
3090
2672
2543
2358
2151
2041
1933
1760
1685
1634
2228
2981
3606
4151
3982
3583
3197
3016
2803
2542
2436
2300
2113
2059
2042
3143
3641
3568
3232
2958
2660
2335
